1644	0.00004809
4892	0.00049598
2665	0.00093985
1977	0.000000
4686	0.00004008
5074	0.00009819
4608	0.00006613
1800	0.00061421
1980	0.00010220
4387	0.000000
3362	0.00000200
3930	0.00046091
4529	0.00009218
5152	0.00010320
2620	0.00026853
4558	0.00052102
3253	0.00018035
2406	0.00038876
3157	0.00003607
4280	0.00002004
2819	0.00151398
4438	0.00002806
3038	0.000000
4857	0.00004509
3906	0.00012825
4989	0.00018637
3950	0.00003307
3806	0.00002505
2887	0.00009018
3375	0.00000601
4111	0.00004809
3072	0.00006012
1801	0.00035670
5145	0.00000701
4822	0.00120136
2159	0.00019839
5366	0.00078254
5080	0.000000
5029	0.00018136
4506	0.00012024
4779	0.00076951
2729	0.00028656
3705	0.00001102
4495	0.00084767
4172	0.00037273
1943	0.000000
4725	0.00002204
4485	0.00006012
1789	0.00019939
4303	0.00044888
4140	0.00134264
2990	0.00013627
3219	0.00025951
1898	0.00016232
5061	0.00001102
3471	0.00050800
4530	0.00064126
1676	0.00012424
3649	0.00005010
5175	0.00063725
1862	0.00001102
4528	0.00009018
4048	0.00047594
2306	0.00002104
2956	0.00032664
1894	0.00004910
4294	0.00000501
2039	0.00038075
1952	0.00004008
3769	0.00036271
3093	0.00012925
2637	0.00002405
4797	0.00022344
4125	0.00034167
5018	0.00005811
4446	0.00038576
1904	0.00005110
2537	0.00001102
3786	0.00063124
1853	0.00043485
2085	0.00003307
3406	0.00071641
4631	0.00016232
3894	0.00001703
4402	0.00000902
4335	0.00013026
2605	0.00070238
5334	0.00003307
5126	0.00001603
4332	0.00023346
3489	0.00037273
4666	0.00087572
2780	0.00004609
2641	0.00008717
4033	0.00011823
1612	0.000000
2118	0.00080358
2937	0.00006713
1856	0.00060018
3318	0.00108814
2080	0.00011322
4639	0.000000
3191	0.00006914
4260	0.00000601
3320	0.00101500
3163	0.00018336
4409	0.00042183
3528	0.00000802
1597	0.00014829
3264	0.00005010
4155	0.00033867
2032	0.00004809
4871	0.00002806
1875	0.00000501
3603	0.00073444
3971	0.00067232
1699	0.00047093
5022	0.00009419
4756	0.00004709
4424	0.000000
2223	0.00030460
5042	0.00000601
2914	0.00017635
2396	0.00034468
2979	0.00004709
3763	0.00002906
2238	0.00041381
4087	0.00001703
4191	0.00066531
4742	0.00004709
4109	0.00000200
2094	0.00002305
5192	0.00080859
3792	0.00019839
4681	0.00010521
1796	0.00003307
4135	0.00007615
3084	0.00004509
4571	0.00000301
2917	0.00030961
2474	0.00004308
4313	0.00007214
3873	0.00003707
2335	0.00019939
3495	0.00019037
2986	0.00007214
3711	0.00003807
4888	0.00011723
4195	0.00002705
2883	0.00044788
5369	0.00037474
4455	0.00008116
4373	0.00000200
3654	0.00056611
3663	0.00011022
2768	0.00056311
5079	0.00035269
3749	0.00000301
5132	0.00000100
2275	0.00005110
5303	0.00004008
5114	0.00000100
5355	0.000000
4615	0.00013126
2589	0.00000100
4359	0.00011222
4243	0.00000100
1819	0.00002004
2131	0.00034668
2876	0.00006212
4628	0.00134364
3589	0.00022144
5196	0.000000
5341	0.00000100
2930	0.00000200
3442	0.00013326
3434	0.00007515
4411	0.00001303
4648	0.00016132
3621	0.00015531
4270	0.00011823
2439	0.00094686
3304	0.00088674
3339	0.00004809
3876	0.00001202
2255	0.00002004
2038	0.00000100
2479	0.00018837
3501	0.00032063
4523	0.00006212
2795	0.00096790
3534	0.00047493
1836	0.00000802
1979	0.00021943
3713	0.00012925
3794	0.00019839
1614	0.00006312
1944	0.00018637
1838	0.00002906
3598	0.000000
3623	0.00050700
5396	0.00012124
2573	0.00008817
4059	0.00008417
4832	0.00006713
3825	0.00038876
4363	0.00017134
2681	0.00004609
1824	0.00223139
3680	0.00003206
5308	0.00000701
3758	0.00007515
4697	0.00001303
2493	0.00001703
3064	0.00023346
5076	0.00001303
2102	0.00000200
2455	0.00029057
2685	0.00026552
2173	0.00343475
4148	0.00006513
3366	0.00002004
2912	0.00003307
2951	0.00000100
3327	0.00000501
1972	0.00031261
5094	0.00016633
2336	0.00004509
2977	0.00018536
4464	0.00000701
1917	0.00043485
3544	0.00007014
4167	0.00026853
5195	0.00018536
3295	0.00004609
2055	0.00000701
3679	0.00045089
2422	0.00136969
4473	0.00018336
3607	0.00013527
5287	0.00005912
5154	0.00035670
5182	0.00004308
3776	0.00008517
2717	0.00035770
4199	0.00013326
1954	0.00057814
3014	0.00029458
5296	0.00104806
2164	0.00064427
3804	0.00000200
2870	0.00013426
2684	0.00055910
1877	0.00079657
2926	0.00026753
4027	0.00022244
3662	0.00029458
1573	0.00010020
2575	0.00005711
5045	0.00025751
3761	0.00064727
3923	0.00054908
2945	0.00000100
4263	0.00012224
2137	0.00149794
3925	0.00001403
2847	0.00022945
2183	0.00014128
1809	0.00012324
3695	0.00000401
2225	0.00006312
2786	0.00000200
2528	0.00000100
1991	0.00000401
4862	0.000000
4771	0.00005010
3606	0.00072042
3294	0.00039077
4956	0.00051902
4606	0.00047694
1686	0.00000100
2056	0.00012725
3901	0.00017735
4169	0.00014028
3224	0.00027654
1750	0.00000100
3180	0.00009519
2273	0.00000301
3432	0.00024448
4219	0.00035871
2116	0.00002505
4239	0.00001703
3476	0.00031863
2824	0.00005411
5068	0.00003807
3384	0.00010020
4712	0.00026452
3812	0.00072342
4204	0.00004709
2608	0.00006513
2270	0.000000
4953	0.00004308
3413	0.00001503
2281	0.00020941
4142	0.00055810
3967	0.00088374
3896	0.000000
1723	0.00009419
2393	0.00107912
5231	0.00000200
2898	0.00040179
4052	0.00016533
2565	0.00001503
2838	0.00056611
4078	0.00018937
4089	0.000000
2635	0.00034267
2246	0.00080358
3302	0.00031963
4238	0.00010521
1706	0.00004008
2140	0.00006613
5370	0.000000
3360	0.00026652
3602	0.00032364
5304	0.00048095
3605	0.000000
5129	0.00003106
4915	0.00002806
2594	0.00008717
4861	0.00003707
5297	0.00003607
3330	0.00054106
5384	0.00037975
2147	0.00001303
2749	0.00000401
4049	0.00027153
4353	0.00005210
4275	0.00007114
3891	0.00000701
5046	0.00001202
3105	0.00006914
4913	0.000000
4190	0.00000501
2776	0.000000
3791	0.00034969
4006	0.00017735
4881	0.00009920
5001	0.00014428
2067	0.00039177
4441	0.00000100
3108	0.00012825
4837	0.000000
5012	0.00002004
4014	0.000000
5233	0.00046291
3739	0.00002806
3585	0.00002004
5163	0.000000
2066	0.00050599
5197	0.00036472
4351	0.00079055
4515	0.00024648
4587	0.00015631
3345	0.00002004
2130	0.00004910
3459	0.00004709
4964	0.00054307
5031	0.00038175
2015	0.00011322
2313	0.00000200
2959	0.00006613
4083	0.00021342
2860	0.00003206
2117	0.00006613
3880	0.000000
2323	0.00004308
2759	0.00020140
1756	0.00002204
4432	0.00007916
4141	0.00005310
2704	0.00000501
3278	0.00007715
2353	0.00052303
4654	0.00023045
2906	0.00006212
2263	0.00002505
2381	0.00006914
4578	0.00004809
3992	0.00072142
4165	0.00010821
1555	0.00000301
3039	0.00026853
3628	0.00126148
5293	0.00092983
3852	0.00022745
4808	0.00000200
5368	0.00003006
4931	0.00005010
4637	0.00167229
2993	0.00000301
4127	0.00000100
5048	0.00012725
4721	0.00010420
4633	0.00047594
2087	0.00001603
5017	0.00005310
4074	0.00001303
2053	0.00002806
5228	0.00061721
4173	0.00023646
4556	0.00008918
4668	0.00001804
2295	0.00011523
5367	0.00145386
3946	0.00046391
2516	0.00011222
4574	0.00109315
3496	0.00005010
3361	0.00005611
2630	0.000000
2201	0.00003206
2468	0.00023847
2554	0.00002605
4922	0.00001303
5028	0.00090879
4514	0.00021843
1919	0.00090378
3860	0.00062723
4605	0.00015831
4319	0.00027654
3560	0.00018136
3984	0.000000
2347	0.00010020
4193	0.00003507
2145	0.00002505
1584	0.00067332
1741	0.00030861
2708	0.00062523
3257	0.00017935
3561	0.00008817
4987	0.00001102
4732	0.00000401
3916	0.00051000
1672	0.00021643
4157	0.00003006
3380	0.00034668
4166	0.00002705
3383	0.00010120
5262	0.00006914
4382	0.00012324
3461	0.00000200
3131	0.00010420
4642	0.00019037
1882	0.00011923
2213	0.00049097
3314	0.00007415
4960	0.00011923
2543	0.00080057
5165	0.00057012
2417	0.00000200
5180	0.00003707
1786	0.00023346
3518	0.00006914
4791	0.00008817
3049	0.00000401
2319	0.00034568
1860	0.00004308
2365	0.00018336
4856	0.00012424
4051	0.00008016
2739	0.00001503
3889	0.00023446
2741	0.00000902
2647	0.00056511
2257	0.00020540
1619	0.000000
4651	0.00005711
2931	0.00100698
2473	0.00000601
3838	0.00020641
4261	0.00009218
1637	0.00080458
1814	0.00029558
4136	0.00000200
3254	0.00046391
3367	0.00003507
3125	0.00006613
4063	0.00000100
2436	0.00079256
1941	0.00008517
2881	0.00004108
5205	0.00060920
2524	0.00000100
3831	0.000000
3843	0.00113724
5027	0.00062523
5086	0.00005210
2655	0.00004509
4281	0.00006112
1669	0.00003607
4348	0.00020240
1778	0.00014428
3233	0.00002405
3932	0.00037474
2563	0.00003507
3034	0.000000
2484	0.00002505
1679	0.00047594
2697	0.00040480
1758	0.00006914
2673	0.00007715
5089	0.00047994
4254	0.00001303
2069	0.00017935
4265	0.00005511
3696	0.00029859
3955	0.00014729
3249	0.00004609
1569	0.00031762
5123	0.00040379
2680	0.00037874
4073	0.00007415
4901	0.00115026
4998	0.00035971
2209	0.00022544
3242	0.00000802
4661	0.00015931
3759	0.00112120
2928	0.00012224
2846	0.00237367
2915	0.00000401
2153	0.000000
1694	0.00001202
2372	0.00039077
3255	0.00066431
5224	0.00000301
4513	0.00004308
3077	0.00003807
2867	0.00008116
3959	0.00023646
3956	0.00040079
2675	0.000000
1841	0.00004208
4509	0.00000301
5161	0.00000100
2437	0.00001603
3517	0.00035069
2467	0.00042684
2309	0.00000100
4866	0.00038075
3099	0.00046992
2779	0.00010020
4349	0.00002204
3502	0.00006613
5234	0.00009318
5265	0.00034869
4692	0.00015430
2071	0.00036071
2808	0.00074547
4988	0.00049397
1629	0.00031261
1888	0.00097391
3568	0.00000902
3530	0.00024749
1897	0.00000100
2590	0.000000
4023	0.00046391
4328	0.00014428
3511	0.00013126
4912	0.00093784
4234	0.00006212
5013	0.00133663
4643	0.00001002
3401	0.00000802
2277	0.00008817
4107	0.00018937
3688	0.00098193
5284	0.00022645
3208	0.00026652
3767	0.000000
4236	0.000000
2110	0.00019338
4926	0.00028556
1648	0.00005912
5220	0.00005711
4123	0.00024648
4828	0.00014529
2667	0.00040379
3897	0.00053505
2181	0.00098393
1799	0.00033867
3285	0.00000100
1811	0.00091580
3307	0.00016933
1610	0.00010521
2097	0.00011923
5354	0.00015230
4942	0.00077853
4407	0.00004008
2622	0.00004208
3158	0.00023045
2010	0.00003106
3675	0.00016733
4496	0.00006413
3071	0.00001303
3861	0.00025751
1961	0.00058515
2856	0.00038676
1840	0.00074346
2935	0.00088574
1883	0.00000200
5337	0.00044187
2947	0.00017635
4645	0.00027354
2557	0.00022544
3196	0.00014929
3781	0.00021242
3722	0.00038375
4053	0.00013727
3066	0.00021342
2113	0.00084065
1922	0.00000802
3810	0.00011723
3210	0.00040780
2391	0.00003507
4222	0.00088775
3074	0.00009519
4134	0.00076651
5339	0.00001002
3863	0.00005811
2709	0.00023246
2896	0.00002305
2731	0.00035269
2624	0.00001002
3764	0.00025049
1983	0.00001002
1628	0.00002305
3160	0.00000802
4518	0.00029859
2688	0.00003106
4547	0.000000
1781	0.00008417
4151	0.00018837
2852	0.00005811
4070	0.00017234
3913	0.00002906
1959	0.00058916
4156	0.00000802
1627	0.00000100
4647	0.00030460
3698	0.00124244
4307	0.00017033
3037	0.00157109
1733	0.000000
3678	0.00000802
3097	0.00002104
5153	0.00015030
5260	0.00006713
3013	0.00000902
4032	0.00000301
3204	0.00003507
2351	0.00028656
5078	0.00065328
2274	0.00039277
4735	0.00014629
2011	0.00002104
4711	0.00021242
2810	0.00024147
3260	0.00055008
4257	0.000000
3525	0.00049397
1963	0.00105407
1864	0.00001002
4575	0.00013627
4614	0.00051201
2899	0.00077352
4592	0.00002305
2760	0.00007415
4425	0.00010621
3309	0.000000
5248	0.00001503
3685	0.00091079
3284	0.00035570
4545	0.00025851
4412	0.00060619
5065	0.00030660
2957	0.00002004
5259	0.00000601
2477	0.00016833
4028	0.00017635
3030	0.00001002
2878	0.00056211
4499	0.000000
5032	0.00004709
3337	0.00023446
2653	0.00000601
3209	0.00000501
4700	0.00004509
3123	0.00043085
3735	0.00112922
4949	0.00000301
2043	0.00001603
1890	0.00011222
5007	0.00023246
5289	0.00093684
3648	0.00000100
3292	0.00021142
3726	0.00006413
1998	0.000000
2349	0.00013527
2960	0.000000
3701	0.00002806
3187	0.00017434
5133	0.00004910
3762	0.00030660
5014	0.00003507
4800	0.00002806
2736	0.00004409
3747	0.00000301
4930	0.00004208
2861	0.00000701
4811	0.00010721
3493	0.00028556
3591	0.00069737
3151	0.00005411
3867	0.00010020
2893	0.00001102
3765	0.00040580
3156	0.00029157
3235	0.00005110
3275	0.00000501
2976	0.00000200
3368	0.00042985
1839	0.00006112
2360	0.00028556
1964	0.00014428
3130	0.00000501
5066	0.00004409
2765	0.00021943
1704	0.00002004
1690	0.00004008
3537	0.00007314
2345	0.00002004
2123	0.00005511
3114	0.00049397
2357	0.00047594
4088	0.00001002
4352	0.00026853
3742	0.00001904
3773	0.00024147
4022	0.00003707
4804	0.00014729
3912	0.00007114
2764	0.00022444
4211	0.00032865
5299	0.00003807
4882	0.00021041
2342	0.00004008
2690	0.00038275
4175	0.00050499
3289	0.00160215
3089	0.00004108
2816	0.00006613
1653	0.00006914
2862	0.00028055
1550	0.00023947
4255	0.00005811
2911	0.00021843
3286	0.00001202
4445	0.00008617
4315	0.00017134
2607	0.00057413
3575	0.00075248
5134	0.00096890
3737	0.00000601
2287	0.00021542
1966	0.00001002
2671	0.00014128
4104	0.00015230
5317	0.00032464
2392	0.00047694
2106	0.000000
5172	0.00005811
4462	0.00018336
2804	0.00050098
3060	0.00000100
2877	0.00047994
3814	0.00016132
3306	0.00000100
5092	0.00075248
2378	0.00001703
4340	0.00005411
4520	0.00008717
5346	0.00046692
5247	0.00016432
4264	0.00003006
3107	0.00009920
2798	0.00014529
2166	0.00014028
1717	0.00057112
5026	0.00007314
3435	0.00015330
1939	0.00021142
1585	0.00003307
3777	0.000000
4282	0.00076651
1807	0.00010721
2618	0.00014228
2366	0.00007715
3613	0.00041682
3974	0.00000401
4512	0.000000
1974	0.00011422
1905	0.00008116
3028	0.00003807
4267	0.00018236
3040	0.00001703
4500	0.00001503
4718	0.00059517
5271	0.00004008
3802	0.00011823
5110	0.00032564
3332	0.00014829
3983	0.00021743
3296	0.00000200
5084	0.00027855
5222	0.00001102
2967	0.00218530
3687	0.00003908
4342	0.00003407
2245	0.00037574
4128	0.00068334
2355	0.00001002
2850	0.00062924
1696	0.00007214
1549	0.00088975
5160	0.00001303
2716	0.00001102
2454	0.000000
4403	0.00005411
4510	0.00000100
2571	0.00137971
3704	0.00022845
3520	0.00001002
3953	0.00016833
3227	0.00032464
3592	0.00033065
2746	0.00001703
2324	0.00010921
4679	0.00140276
4970	0.00171938
1892	0.00000601
2721	0.00031762
2163	0.00030861
2733	0.00002104
3185	0.00051501
4877	0.00000100
5015	0.00068034
2802	0.00004008
3069	0.00023346
3709	0.00007715
5162	0.00044588
2747	0.00012925
2922	0.00136468
3708	0.000000
2617	0.00065829
4672	0.00016833
4740	0.00001804
3261	0.00023546
3280	0.00081260
3512	0.00000501
2696	0.00095588
5055	0.00049297
4241	0.00016032
2662	0.00138472
1813	0.00032965
3587	0.00005010
3921	0.00267726
2782	0.00001303
4702	0.00000301
4068	0.00013627
1815	0.00000100
2523	0.00055609
4062	0.00018536
2724	0.00003206
4715	0.00007916
2711	0.00012825
4237	0.00021943
3052	0.00004409
2016	0.00026953
4223	0.00007114
3564	0.00046992
2963	0.00043385
4358	0.00000301
5397	0.00048095
4745	0.00001403
3668	0.00037574
4999	0.00010220
2606	0.00054307
3045	0.00022144
2728	0.00099896
1913	0.00046191
3347	0.00019438
2416	0.00038375
4008	0.00014128
2515	0.00005110
4285	0.00002605
1645	0.00030460
4262	0.00004910
4065	0.00030159
3549	0.00111219
3660	0.00000401
2997	0.00028155
4559	0.00000902
4177	0.00124244
2059	0.00000802
2356	0.00004709
3770	0.00082162
2334	0.00001102
4470	0.00014829
2329	0.00033466
1738	0.00008316
1620	0.00037373
4016	0.00001503
2315	0.00170034
1821	0.00000100
1575	0.00030259
3217	0.00008216
1559	0.00003407
4836	0.00009819
2619	0.00071741
4773	0.00009218
4034	0.00000902
2343	0.00003206
5302	0.00007014
1772	0.000000
3790	0.00047594
1992	0.00000401
2162	0.00066130
1805	0.00014729
1782	0.00014128
4456	0.00000902
1918	0.00004008
3505	0.00007214
4579	0.00038576
4813	0.00018336
2744	0.00022845
3958	0.00004108
2745	0.00062723
3968	0.00041582
3625	0.00022043
2231	0.00012324
3608	0.00008116
4362	0.00000200
5156	0.00001303
2556	0.00008116
2292	0.00003307
1665	0.00000100
4439	0.00001303
4375	0.00030660
1715	0.00001403
5238	0.00000301
5122	0.00119535
5006	0.00000501
3610	0.00000301
2418	0.00006513
4300	0.00010521
1994	0.00015531
4289	0.00000501
1893	0.00023947
4196	0.00010020
2999	0.00001202
1911	0.00002906
1745	0.00009619
4903	0.00000200
3182	0.000000
2894	0.00002104
4816	0.00008617
3424	0.00018737
1798	0.00003307
3957	0.00006212
1655	0.00016833
2108	0.00000501
2444	0.00003607
2127	0.00038375
4291	0.00008216
3998	0.00036071
2221	0.00005611
4153	0.00030059
4924	0.00199893
3837	0.00021743
3656	0.00030760
5373	0.00000100
2370	0.00000200
4298	0.00042884
3868	0.00021342
2009	0.00001503
3991	0.00054207
4277	0.00000100
4077	0.000000
2404	0.00102301
2352	0.00004108
3841	0.00082262
4041	0.00019639
4050	0.00006813
5148	0.00011022
2969	0.00001102
2282	0.00086370
4170	0.000000
2402	0.00055910
3545	0.00099796
5188	0.000000
3024	0.00009819
3220	0.00000401
2982	0.00003307
3291	0.00014128
5361	0.00006513
4937	0.00072543
2017	0.00004910
3796	0.000000
2304	0.00003507
1884	0.00026452
3463	0.00058415
1916	0.00041983
4741	0.00063525
5327	0.00002204
3310	0.00014228
2308	0.00012925
1680	0.00001804
2266	0.00098494
2833	0.00012124
3299	0.00056411
2261	0.000000
4657	0.00006413
2363	0.00007114
3664	0.00010020
5185	0.00017534
4106	0.00023847
1989	0.00003807
3699	0.00004910
5336	0.00025350
4355	0.00019939
4212	0.00054607
2144	0.00026452
3798	0.00011322
4100	0.00024248
4020	0.00010521
2555	0.00001804
3379	0.00042283
3376	0.00016032
2578	0.00041882
2434	0.00001303
5111	0.000000
2923	0.00004308
3641	0.00021342
2822	0.000000
4082	0.00016633
1714	0.00009920
2642	0.00013927
3135	0.00075749
5332	0.00006312
3614	0.00056010
4369	0.00053004
2438	0.00114525
2421	0.00005411
2385	0.00001202
1777	0.00029658
2900	0.00000100
5257	0.00000401
1586	0.00006312
3405	0.00101299
4583	0.00076250
3121	0.00042083
2818	0.00000100
4084	0.00009419
2603	0.00041482
3523	0.00012124
4646	0.00016833
4737	0.00024648
4256	0.00222738
2720	0.00005611
2344	0.00142180
4121	0.00012124
2226	0.00007214
2718	0.00017334
2171	0.00000301
2244	0.00092782
5101	0.00003908
3430	0.00015731
2866	0.00000802
1831	0.000000
1752	0.00003206
4717	0.00014629
4304	0.000000
2156	0.00008116
3377	0.00009920
3908	0.00123944
3753	0.00029258
1872	0.00016933
3063	0.00000501
2646	0.000000
3070	0.00002405
3886	0.00008116
2441	0.00000301
1725	0.00068134
3334	0.00048596
4865	0.00000100
3129	0.00002605
5252	0.00005411
3951	0.00007916
3583	0.00008216
3239	0.00003307
2980	0.00026953
3994	0.00007815
3559	0.00009920
3331	0.00011122
4415	0.00000100
4181	0.00028957
2091	0.00025751
1869	0.00001403
3847	0.00006713
1581	0.00001703
2576	0.00001102
4899	0.00003206
2305	0.00004709
2950	0.00000100
2522	0.00000100
5245	0.000000
3516	0.00070438
2550	0.000000
4542	0.00000200
2825	0.00000701
2222	0.00002806
3920	0.00025951
1795	0.00068334
2761	0.00007415
4570	0.00043385
2560	0.00035069
4117	0.00002906
4344	0.00013827
2382	0.00000601
4345	0.00092682
5331	0.00023045
3297	0.00002705
4729	0.00010120
2652	0.00045489
4696	0.00003206
4246	0.00093985
4532	0.000000
3504	0.00002605
1871	0.00016332
2882	0.00005411
4584	0.00000100
2470	0.00105207
3403	0.00070238
4252	0.00025350
2036	0.00017534
3948	0.00120737
4233	0.00003607
1546	0.00005912
4752	0.00013426
3041	0.00005411
4054	0.00018637
2599	0.00025650
3127	0.00019538
3141	0.00000100
2660	0.00000401
4850	0.00062423
3065	0.00009719
5037	0.00001202
2514	0.00006212
2968	0.00008517
3426	0.00054307
4541	0.00022043
4334	0.00100798
3046	0.00024949
3584	0.00018035
2909	0.00061421
4695	0.00028055
5307	0.00040880
2152	0.00001703
3058	0.00035871
4479	0.00015531
3857	0.00000301
1551	0.00006413
3653	0.00028055
3531	0.00000100
1692	0.00019839
3853	0.000000
2592	0.00030059
2705	0.00014028
4616	0.00020641
3706	0.00003908
4848	0.00000701
1867	0.00027454
4887	0.00000802
2668	0.00007114
4184	0.00246384
1929	0.00009318
4283	0.00005310
2735	0.00000200
3251	0.00003707
2793	0.00003807
4055	0.00182359
4060	0.00022244
4423	0.00003006
2586	0.00037474
4963	0.00013827
2205	0.00210213
2100	0.00067733
2200	0.00025851
2625	0.00003707
3934	0.00000601
2098	0.00000401
5291	0.00007214
2109	0.00018937
4215	0.00068735
2924	0.00014829
4834	0.00001804
2701	0.00045790
2536	0.00003407
3645	0.00002605
2400	0.00000401
4750	0.00056511
4650	0.00045590
3478	0.00027755
3975	0.00010521
4481	0.00002405
5105	0.00000902
2269	0.00005310
3620	0.00076450
4168	0.00074246
3878	0.00001503
2801	0.00000200
4540	0.00004208
2757	0.00009719
1829	0.00027554
2022	0.00043786
3881	0.00012124
1598	0.00038977
4544	0.00009218
4923	0.00002104
5213	0.00004809
5374	0.00017935
5229	0.00006813
2207	0.00085368
4936	0.00000200
2079	0.00094486
4194	0.00007916
2284	0.00001703
1652	0.00000501
1780	0.00033566
1842	0.00000601
2530	0.00068735
3421	0.00003006
1784	0.00005310
4126	0.00021242
1873	0.00036973
4707	0.00017735
4815	0.00000200
3670	0.00019037
1724	0.00069336
4611	0.00002405
2264	0.00011022
2548	0.00143682
1846	0.00004910
2267	0.00010420
4443	0.00003707
1556	0.00031161
1891	0.00002806
3043	0.00000501
1868	0.00005110
2503	0.00024147
3775	0.000000
3935	0.00003106
1671	0.00009118
1847	0.00000100
3859	0.00131559
3490	0.00021442
4271	0.00012725
2983	0.00018035
4736	0.00016833
3202	0.00079256
3729	0.00013527
1587	0.00013326
1987	0.00002305
5168	0.00016733
3714	0.00037273
1667	0.00051702
5011	0.00013026
2150	0.00088674
4056	0.00021643
5150	0.00015631
3201	0.000000
2908	0.00000200
5389	0.00023847
3450	0.00004509
4809	0.00053505
3844	0.00035370
1768	0.00008216
2547	0.00001904
2135	0.00005811
4434	0.00002605
3344	0.00006613
3268	0.00000100
5019	0.00013527
2214	0.00001403
4759	0.00029759
3322	0.00011222
2041	0.00002505
2544	0.00011222
4755	0.00005210
2643	0.00010220
3245	0.00074146
3002	0.00062924
3458	0.00000100
3719	0.00007815
2940	0.00020240
3371	0.00014929
4076	0.00036271
1595	0.00016833
4396	0.00002405
3929	0.00073745
3938	0.00010120
4656	0.00029558
5221	0.00003206
4782	0.00008417
2638	0.00002004
2449	0.00001804
2497	0.00001804
4231	0.00008817
2734	0.00000902
2821	0.00006312
3443	0.00137570
5241	0.00173341
1816	0.00001002
5075	0.00009118
1643	0.00001002
3551	0.00009118
2132	0.00030259
4852	0.00173140
1570	0.00007415
4738	0.00034368
2122	0.00006914
2081	0.00000100
4769	0.00020641
3387	0.00005411
3572	0.00020540
3899	0.00056311
2785	0.00016633
4394	0.00003006
4287	0.00075248
4278	0.00005110
4783	0.00023747
5312	0.00004509
4018	0.00016733
4019	0.00002906
3643	0.00009819
3748	0.000000
3055	0.00015330
2488	0.00014428
2187	0.00112822
3088	0.00029959
3997	0.00021643
2228	0.00011923
3203	0.00018937
3961	0.00030159
2260	0.00032564
4171	0.00092983
1603	0.00022144
2564	0.00025250
4977	0.00012525
4227	0.00005411
2251	0.00109916
4677	0.00008717
2830	0.00001303
1933	0.00004108
4624	0.00012825
3596	0.00004910
3138	0.00014128
3619	0.00054908
2698	0.00000701
4906	0.00109115
3594	0.00047794
2023	0.00017935
2318	0.00014428
5082	0.00047794
2778	0.00087071
4209	0.00071340
2314	0.00001503
3905	0.00001303
5393	0.00022544
2413	0.00016032
5187	0.00001503
1792	0.00000401
1698	0.00001904
2558	0.00002605
3415	0.00000902
5402	0.00001102
3402	0.00000802
2278	0.00019138
4640	0.00004208
5178	0.00008216
3536	0.00001102
1976	0.00017434
4046	0.00099195
4038	0.00020340
4623	0.00000501
2994	0.00010120
2188	0.00016432
4094	0.00002605
4918	0.00000802
3499	0.00004008
5273	0.00023146
2666	0.00003206
2052	0.00004208
4316	0.00042183
1914	0.00001002
4249	0.00103704
1685	0.00004308
4309	0.00023546
2992	0.00013226
2742	0.00008316
4739	0.00065930
3247	0.00018236
5325	0.00025951
2157	0.00005210
2026	0.00024248
4995	0.00000701
2978	0.00006312
2424	0.00012725
4891	0.00033766
2897	0.00000100
2320	0.00008517
3179	0.00002405
3059	0.00086270
4939	0.00010120
2346	0.00000802
4786	0.000000
2182	0.00008216
5347	0.00005611
2387	0.00000100
3970	0.00000200
4031	0.00002906
4567	0.00003707
3414	0.00000100
4730	0.00004809
4793	0.00001603
4982	0.00007014
2521	0.00000601
4622	0.00003307
1707	0.00004709
1702	0.00006813
4704	0.00106810
1737	0.00112020
1771	0.00001303
5109	0.00037975
3068	0.00030560
1909	0.00002305
5388	0.00010420
4197	0.00004910
2430	0.00111820
5081	0.00002505
4658	0.00012625
2593	0.00004709
3995	0.00008016
2475	0.00018937
2073	0.00104706
2919	0.00013927
1661	0.00001503
5403	0.00000100
2755	0.00000100
2512	0.00018737
3399	0.00000401
2827	0.000000
4444	0.00027053
2463	0.00000200
3833	0.00010821
3691	0.00003807
3666	0.00111820
4245	0.00045590
3012	0.00099195
2388	0.00002004
5181	0.00009218
4442	0.00002705
2302	0.00011422
2767	0.00000100
2049	0.00051301
5053	0.00027354
3993	0.00004509
1958	0.000000
3673	0.00015430
2814	0.00012324
2973	0.00031061
5190	0.00000902
4090	0.00070839
3003	0.00299589
2628	0.00002605
5348	0.00027955
2303	0.00002906
3895	0.00019939
5383	0.00000501
3419	0.00011222
3785	0.00083664
3225	0.00036372
1712	0.00019839
4703	0.00000401
2541	0.00004809
3214	0.00013527
4522	0.00026552
4662	0.00038275
4391	0.00009419
2585	0.00028556
3562	0.00113924
3464	0.00010220
4997	0.00039778
2498	0.00003006
3104	0.00001703
1802	0.00017835
3143	0.00007916
3849	0.00024147
4991	0.00074647
4477	0.00258308
1613	0.00017534
4968	0.00037273
4417	0.00008817
3907	0.00005010
2047	0.00008316
3186	0.00007214
2715	0.00000802
2678	0.00001202
2612	0.00000401
2580	0.000000
2216	0.00136969
1755	0.00025250
1728	0.00003206
4863	0.00010320
2916	0.00036271
3865	0.00208109
1545	0.000000
2570	0.00020140
4507	0.00023146
4356	0.00006112
3599	0.00000200
4002	0.00005811
2325	0.00023246
4538	0.00056812
1641	0.00004308
4576	0.00012024
2572	0.00007415
3801	0.00005010
4220	0.00024047
3917	0.00031261
2602	0.00075649
3874	0.00002906
3281	0.00003607
3279	0.00012625
3779	0.00025049
2086	0.00042784
4162	0.00014328
4994	0.00013126
3979	0.00029759
5394	0.00022244
5137	0.00104505
5021	0.00002806
2464	0.00010120
3740	0.00004509
4613	0.00014328
1827	0.00055509
3241	0.000000
5330	0.00000401
2120	0.00021943
2938	0.00027254
3484	0.00017033
4399	0.00039277
2121	0.00003908
1806	0.00044588
4867	0.00012625
3234	0.00003507
2873	0.00006112
4484	0.00021743
1701	0.00019238
3396	0.00056110
3845	0.00006012
5201	0.00053605
2591	0.00000200
4909	0.00020039
2772	0.00038075
4894	0.00038275
4676	0.00045389
4284	0.00007415
2443	0.00003006
3846	0.00001904
4164	0.00000902
4919	0.00010721
2040	0.00000401
1592	0.00017234
2095	0.00002806
1794	0.00003006
4225	0.00012224
4824	0.000000
2933	0.00006513
4925	0.00011623
2551	0.00000100
2061	0.00056611
2485	0.00023747
2390	0.00000200
2426	0.00002906
3472	0.00059216
5268	0.00015631
4461	0.00048295
3548	0.00036872
3513	0.00032564
2505	0.00010821
2298	0.00002305
1878	0.00002806
5191	0.00005511
3778	0.00016232
5097	0.00059216
3354	0.00017434
5309	0.00019839
5227	0.00000200
2929	0.00040981
4376	0.00173441
4724	0.00010020
3351	0.00040179
2077	0.00035770
2243	0.00044287
5281	0.00024849
4760	0.00002505
4268	0.00000200
4279	0.00017635
3738	0.00004008
1674	0.000000
2259	0.00254300
3348	0.00009118
5305	0.00023246
1593	0.00039578
2210	0.00074547
2686	0.00009318
4644	0.00038876
4440	0.00000601
4203	0.00028155
5057	0.00008717
4144	0.00142380
4883	0.00000601
2193	0.00000200
4853	0.00005310
3145	0.00003307
2177	0.00107411
4900	0.00027454
3369	0.00058315
4604	0.00020039
1886	0.00013026
2535	0.00000100
4927	0.00006212
4875	0.00000401
4365	0.00053405
4229	0.00009318
5319	0.00063926
2640	0.00003507
2501	0.00005010
3978	0.00035269
1910	0.00127150
3169	0.00020140
5103	0.00006613
4846	0.00002605
4626	0.00000601
2582	0.00000100
2569	0.000000
2412	0.00004709
2799	0.00038576
4543	0.00015130
3237	0.00021542
1634	0.00020841
1664	0.000000
5323	0.00070038
4343	0.00000401
2874	0.00000301
1996	0.00030059
2664	0.00030660
3090	0.00020641
2615	0.00029157
3080	0.00024548
1850	0.00022244
1793	0.00010721
3416	0.00067332
1548	0.00002004
2849	0.00003707
3216	0.00020941
4531	0.00012525
2184	0.00036171
4333	0.00030360
4638	0.00000200
2546	0.00019939
1751	0.00086570
1902	0.00043185
2247	0.00192779
4920	0.00037975
2596	0.00035570
5208	0.00001202
1848	0.00042183
2656	0.00011322
4042	0.00039979
1689	0.00003206
2155	0.00009118
2631	0.00002605
4860	0.00077853
4299	0.00005210
4962	0.00014228
2658	0.00034368
4560	0.000000
3193	0.00009419
1621	0.00045990
3487	0.00046191
4384	0.00036572
4189	0.00000200
3359	0.00017033
3782	0.00022645
2839	0.00000701
3624	0.00009619
2481	0.00044588
5360	0.00004809
2792	0.00039478
2752	0.00004308
3915	0.00000200
3029	0.00061421
5310	0.00023947
1975	0.00013927
4323	0.00083264
3272	0.000000
1931	0.00000902
2634	0.00014729
5202	0.00002605
2035	0.00032063
4585	0.00036772
2868	0.00111519
3010	0.00001703
4985	0.00103604
4898	0.000000
2502	0.00288868
5141	0.00075148
1970	0.00086270
3091	0.00039277
4061	0.00004409
2165	0.00002806
5158	0.00000501
4202	0.00006713
3469	0.00004308
2774	0.00044387
4058	0.00000301
4230	0.00070539
4753	0.00004208
4599	0.00003707
4591	0.00132861
3305	0.00180355
1561	0.00086370
3826	0.00092482
4586	0.00027654
1617	0.00070639
3558	0.00025149
2981	0.00005210
3083	0.00122441
2161	0.00014629
2687	0.00007014
4524	0.00057914
2946	0.00049998
3937	0.00010621
4449	0.00000501
4566	0.00017935
3057	0.00075749
2707	0.00000401
3164	0.00009719
2195	0.00043686
3509	0.00008517
3431	0.00000200
4550	0.00044888
4689	0.00004409
2042	0.00073044
4952	0.00020641
1566	0.00000701
4849	0.00004208
1849	0.00014929
2451	0.00000100
4955	0.00000100
2186	0.00045189
4965	0.00003006
3710	0.00027855
1764	0.000000
3020	0.00011623
2587	0.00026753
4807	0.00083965
3481	0.00154905
3803	0.00002104
3385	0.00009318
4001	0.000000
3655	0.00004809
4388	0.00000701
2268	0.00001202
3392	0.00002004
5040	0.00021242
4471	0.00000200
2450	0.00055509
2533	0.00015631
1695	0.00001002
2446	0.00017033
2820	0.00047894
4708	0.00011623
2970	0.00030259
2857	0.00004409
2610	0.00002405
3031	0.00012725
3048	0.00014128
3246	0.00002705
2703	0.00006413
5183	0.00094185
4160	0.000000
4132	0.00017134
3690	0.00003707
2553	0.00029558
2136	0.00003206
1659	0.00021943
5179	0.00038776
4272	0.00004910
2854	0.00002705
4337	0.00131759
1743	0.00048796
4095	0.00091380
5088	0.00005210
4620	0.00020841
3657	0.00011422
1921	0.00000100
1935	0.00036572
2146	0.00001002
3700	0.00028055
5098	0.00012124
4790	0.00000200
4216	0.00002104
4122	0.00000200
5044	0.00020941
2169	0.00006212
3303	0.00023847
4383	0.00017835
3462	0.00133362
1948	0.00011823
5069	0.00041381
3266	0.00000100
4788	0.00008517
2348	0.00009619
5016	0.00030059
4460	0.00199993
3850	0.00251795
3005	0.00012825
1687	0.00078755
2258	0.00004609
1591	0.00005711
5272	0.00099796
5120	0.00145386
3468	0.00008918
2552	0.00050199
3350	0.00000401
4971	0.00103303
5166	0.00036271
4112	0.00007916
1912	0.000000
3391	0.00073044
4207	0.00025951
4452	0.00006813
3386	0.00030560
3595	0.00004008
1765	0.00010320
3733	0.00131258
3574	0.00002505
4259	0.00001804
3473	0.00021743
5038	0.00000100
5316	0.000000
4774	0.000000
3147	0.00000802
4161	0.00048395
4404	0.00000601
2074	0.00056511
5288	0.000000
2598	0.00050199
4371	0.00035871
1763	0.00010120
2952	0.00006413
3524	0.00006513
4072	0.00088574
4938	0.00002705
4158	0.00125346
3900	0.00085468
2440	0.000000
3774	0.00041081
2880	0.00030460
4950	0.00001202
3877	0.00012424
1710	0.00020440
4357	0.00021643
3232	0.00002305
1630	0.00047493
5399	0.00000100
1855	0.00001202
3453	0.00034468
4150	0.00006112
2794	0.00092883
2300	0.00107612
2411	0.00002605
3659	0.00004308
4361	0.00001202
4929	0.00004809
1703	0.00008817
4081	0.00025250
2398	0.00017935
3395	0.00049898
2410	0.00010420
1635	0.00000301
5067	0.000000
5254	0.00016733
2125	0.00049898
2694	0.00053104
4465	0.00015731
4297	0.00019037
4569	0.00028656
3787	0.00033967
2869	0.00000100
4911	0.00000802
1681	0.00227347
2057	0.00003807
4617	0.00004409
2756	0.00106309
1865	0.00026552
3665	0.00035169
4966	0.00004308
2669	0.00014529
2092	0.00057313
4893	0.00024047
1957	0.00087372
4921	0.00002004
3616	0.00005110
4451	0.00000301
1670	0.00088374
3200	0.00034067
2115	0.00055409
4114	0.00002204
3378	0.00035570
4079	0.00000100
3821	0.00000501
4548	0.00005611
4589	0.00007114
3321	0.00046191
3919	0.00003607
2279	0.00000100
2476	0.00002806
4726	0.00013026
3949	0.00036772
4517	0.00001804
3611	0.00066831
4346	0.00008316
4314	0.00048395
2823	0.00016533
3553	0.00039177
4293	0.00043886
4468	0.00000200
2058	0.00003106
3745	0.00007014
4979	0.000000
3851	0.00006413
4932	0.00044387
3671	0.00126348
3506	0.00029258
1947	0.00001002
2886	0.00030560
1564	0.00039578
4588	0.00003407
5318	0.00047594
3308	0.00000601
2419	0.00037173
3883	0.00005611
2070	0.00002305
2394	0.00005411
4751	0.00003908
2088	0.00000401
2280	0.00105908
4521	0.00000200
3554	0.00000200
3120	0.00008116
3612	0.00017735
3211	0.00014729
2090	0.00009118
4610	0.00002806
2062	0.00016533
5214	0.00135466
3573	0.00056611
3319	0.00027354
3510	0.000000
4433	0.000000
3715	0.00002806
4986	0.00001904
2892	0.00007715
2374	0.00004509
2762	0.00013627
2189	0.00000200
4176	0.00005711
3053	0.000000
2579	0.00003307
2842	0.00000301
2722	0.00009018
2373	0.00000802
2925	0.00026652
2111	0.00047193
5230	0.00005912
2790	0.00005210
5377	0.000000
4336	0.00006613
2331	0.00070138
2104	0.00011222
2321	0.00016533
2494	0.00072042
2751	0.00143682
1866	0.00062523
5115	0.00000100
2202	0.00011823
2312	0.00009619
3989	0.00015330
1960	0.00093183
2611	0.000000
4159	0.00003407
2975	0.00026753
2384	0.00002204
3410	0.00021843
5379	0.00007014
4232	0.00039878
4593	0.000000
3805	0.00012825
4248	0.00007715
4573	0.00001102
4946	0.00002004
5142	0.00025650
5372	0.00018737
3646	0.00020039
3006	0.00001403
3388	0.00000200
2448	0.00000200
2965	0.00040580
2706	0.00035871
2689	0.00001703
5024	0.00000100
4598	0.00000100
3023	0.00099095
2341	0.00013527
3550	0.00075148
4766	0.00016032
3382	0.00000100
4794	0.00000200
4240	0.00054207
4844	0.00000501
5087	0.00009719
4803	0.00002104
4859	0.00017635
2168	0.000000
1557	0.00003507
1744	0.00040179
2995	0.00015230
5128	0.00077452
2661	0.00026853
2191	0.00022043
2233	0.00010621
2215	0.00090979
3248	0.00003206
2499	0.00000802
5113	0.00011422
1594	0.00116028
1662	0.00007615
4326	0.00001904
1578	0.00047493
1942	0.00003607
2048	0.00120938
2577	0.00003908
2001	0.00047894
3352	0.00011322
5387	0.00067032
2337	0.00057814
3902	0.00077753
5157	0.00005010
4805	0.00010521
3019	0.00019939
5173	0.000000
3521	0.00001703
2903	0.00005811
4996	0.00039478
2460	0.00016032
3213	0.00034568
5258	0.00020741
4713	0.00045690
1880	0.00000301
1675	0.00001804
3153	0.000000
2364	0.00071941
5003	0.00016032
1708	0.00018837
2194	0.00002405
4896	0.00000200
1978	0.00068835
3567	0.00033165
1625	0.00002004
4902	0.00004409
2730	0.00122441
4600	0.00036372
2511	0.00079456
2918	0.00000902
5136	0.00049598
2526	0.00012124
3094	0.00010220
3018	0.00002705
2027	0.00045990
4519	0.00003507
3355	0.00002705
3167	0.00006413
3547	0.00001202
2773	0.00009318
4380	0.00158812
3098	0.00003807
2817	0.00037373
5345	0.00006713
5335	0.00005511
2283	0.00002405
5083	0.00028456
2044	0.00002806
1995	0.00011022
3323	0.00001403
3269	0.00003908
3500	0.00006914
4701	0.00010220
3032	0.00003407
1754	0.00018035
5371	0.00123142
3317	0.00034167
3535	0.00068936
5070	0.00112321
3243	0.00000802
4017	0.00045890
3092	0.000000
5004	0.00052102
4379	0.00055209
5174	0.00011322
4010	0.00011923
2133	0.00017735
4108	0.00000301
3440	0.00035169
4812	0.00013527
2791	0.00079055
4878	0.00049798
5171	0.00004709
4317	0.00170635
2644	0.00004609
2126	0.00018937
1854	0.00015831
3324	0.00001403
5139	0.000000
1870	0.00036572
2567	0.00013426
3964	0.00004208
2649	0.00034869
1874	0.00001403
2068	0.00042283
3817	0.00003106
3832	0.00006212
3677	0.00000401
1830	0.00005210
3519	0.00001804
3768	0.00001202
5204	0.00001904
2285	0.00004108
2253	0.00033867
3731	0.00000802
5005	0.00116429
2595	0.00001002
3144	0.000000
3809	0.00009218
5060	0.00008918
3827	0.000000
3436	0.00006112
2750	0.00014328
2670	0.00000100
4716	0.00029358
5253	0.00000802
5385	0.00038977
2844	0.00000301
2832	0.00009619
4990	0.00099095
3808	0.00006914
4858	0.00006312
3300	0.00007715
4486	0.00001503
4386	0.00080358
2063	0.00033867
2771	0.00030460
1580	0.00039979
3888	0.00004910
3148	0.00155105
1863	0.00008817
2076	0.00002505
5143	0.00000100
4007	0.00018937
5125	0.00010721
5000	0.00050299
5184	0.00003908
4983	0.00049798
5382	0.00000501
2974	0.00085668
2224	0.00098794
2472	0.00016933
4447	0.00005811
5056	0.00000100
1803	0.00038375
4781	0.00003707
3842	0.00000100
3557	0.00073144
4305	0.00072342
3341	0.00007214
2836	0.00088775
1812	0.00008316
3486	0.00032163
2831	0.00087572
2562	0.00022845
3836	0.00012825
2206	0.00006212
2777	0.00005310
2242	0.00003607
2971	0.00001002
4935	0.00019037
3079	0.00171838
4978	0.00000301
4851	0.00000501
3988	0.00019438
2211	0.00002004
2613	0.00008417
2138	0.00000501
4795	0.00034568
4311	0.00023246
4684	0.00026953
1808	0.00001102
4405	0.00000200
3590	0.00027755
2627	0.00014729
4564	0.00101199
1951	0.00006914
5217	0.00032263
2796	0.00044087
3271	0.00000902
2286	0.00002305
4823	0.00047093
1925	0.00002104
1700	0.00002906
3966	0.00061922
4296	0.00078053
4250	0.00034167
4511	0.00001102
3508	0.00018236
2581	0.00008918
3124	0.000000
4612	0.00026452
2149	0.00007715
4734	0.00028456
3111	0.00018536
5155	0.00079957
4831	0.00006813
3824	0.00163121
1967	0.00002806
2034	0.00000401
2326	0.00065128
2987	0.00015330
2124	0.00165325
3429	0.00066731
4884	0.00002204
4914	0.00003407
2433	0.00032163
3181	0.00048996
2383	0.000000
2988	0.00007114
5127	0.00041983
4958	0.00000601
3183	0.00078154
4377	0.00000802
5333	0.00012124
4242	0.00005210
3928	0.00056010
2895	0.00000501
4980	0.00007916
4561	0.00030159
3872	0.00055810
5321	0.00052603
4671	0.00133262
2018	0.00000701
5124	0.00012725
4845	0.00000100
4012	0.00118132
5274	0.00002104
2710	0.00006012
2459	0.00070138
5170	0.00004809
3188	0.00017935
4364	0.00007214
1761	0.00010721
1832	0.00004208
3597	0.00045289
3784	0.00024949
4224	0.00007415
4026	0.00005511
2566	0.00069236
4154	0.00001102
2006	0.00009619
4039	0.00047193
5225	0.00000401
3503	0.00000601
4097	0.00017835
3173	0.00009419
4673	0.00003407
3858	0.00000100
5282	0.00001503
2648	0.00001703
2723	0.00004409
4273	0.000000
1631	0.00026452
4139	0.00016933
5112	0.00089676
3497	0.00002104
2176	0.00219832
2659	0.00123543
4719	0.00043185
2902	0.00024448
2939	0.00013627
3488	0.00033366
4916	0.00011923
3192	0.00023646
3404	0.00002505
1928	0.00058014
1691	0.00003307
3370	0.00003707
3640	0.00053405
1673	0.00000401
5326	0.00031762
5311	0.000000
2763	0.00002004
2020	0.00005811
4400	0.00060018
4787	0.00002505
3866	0.000000
2529	0.00000701
5144	0.00002505
2490	0.00000802
2513	0.00006212
5034	0.00000200
3137	0.00004208
3601	0.00001503
4830	0.00002806
3126	0.00001202
2219	0.00009719
5290	0.000000
2789	0.00023747
3600	0.00076651
5058	0.00031963
2645	0.00100297
4833	0.00005010
4886	0.00008216
4552	0.00000902
4720	0.00048596
1734	0.00005210
2853	0.00026352
4943	0.00005511
2845	0.00015831
4406	0.000000
3155	0.00002906
2626	0.00056010
5063	0.00000401
1589	0.00021943
4453	0.00041081
4768	0.00002806
5218	0.00027153
3449	0.000000
2358	0.00011523
4419	0.00018737
2478	0.000000
2875	0.00009920
2114	0.00000802
3103	0.00015631
2005	0.00005411
3177	0.00015130
4145	0.00017134
3165	0.00017534
3515	0.00000601
2943	0.00001403
2682	0.00008216
2920	0.00031762
4105	0.00021643
3100	0.00055008
4973	0.00022043
3175	0.00017134
3829	0.00014028
3771	0.000000
3813	0.00001403
2486	0.00000301
4322	0.00045089
2677	0.00002104
3026	0.000000
4984	0.00001503
2964	0.00000100
2961	0.00000200
4482	0.00028957
5077	0.00039177
4421	0.00000301
2811	0.00008116
3973	0.000000
5280	0.00000200
2840	0.00001603
5243	0.00000100
2403	0.00000100
4318	0.00016633
2289	0.00000200
3338	0.00015731
3335	0.00007715
3672	0.00061621
1666	0.00000100
2891	0.00006613
3514	0.00005110
1818	0.00029859
4748	0.00009318
1934	0.00034468
4201	0.00024248
4680	0.00006212
5206	0.00016633
3855	0.00024548
3199	0.00166928
2375	0.00005110
4266	0.00107311
5091	0.00043485
5186	0.00035470
3689	0.00069437
2942	0.00023346
3716	0.000000
4498	0.00024548
2654	0.000000
4706	0.00009819
2029	0.00010020
3311	0.00002806
3475	0.00065529
5159	0.00009118
1730	0.000000
4327	0.00005912
3054	0.000000
2003	0.00029558
4474	0.00062924
1937	0.00000802
4621	0.00005411
2174	0.00005811
3086	0.00037474
3936	0.00058415
3887	0.00009318
3240	0.00041682
5107	0.00002705
2932	0.00163020
4810	0.00014128
2241	0.00083965
2240	0.00010921
4119	0.00005210
2288	0.00003106
2297	0.00000200
4683	0.00022344
3941	0.00002004
1757	0.00005010
2905	0.00000401
4329	0.00002505
5146	0.00010821
1607	0.00040379
2317	0.00010320
1735	0.00003307
3256	0.00021041
1651	0.00008216
4476	0.00025350
3576	0.00013527
4350	0.00005210
2788	0.00001603
4928	0.00035570
1797	0.00000100
4217	0.00009519
3703	0.00035470
3539	0.000000
2151	0.00028957
4533	0.00005411
1633	0.00060319
4710	0.00003707
2907	0.00068334
4630	0.00059517
4480	0.00004609
1639	0.00013527
4490	0.00002204
1568	0.00001703
1969	0.00057212
4664	0.00026352
2089	0.00065930
4251	0.00012825
2508	0.00004008
1962	0.00024348
2803	0.00000701
5198	0.00004409
2028	0.00009920
1677	0.00045389
3411	0.00033065
4180	0.00002104
2339	0.00025951
1990	0.00050499
3622	0.00051401
3651	0.00077552
3460	0.00019138
1861	0.00023146
1775	0.00002806
1932	0.00001002
5324	0.00016332
2021	0.00007114
4000	0.00020039
4536	0.00023847
4723	0.00001503
4890	0.00080358
4003	0.00001303
3122	0.00003707
4595	0.00011723
1721	0.00014128
4780	0.00000200
1601	0.00007916
2636	0.00000902
3904	0.00000100
2549	0.00077452
3981	0.00000100
4043	0.00065228
2972	0.00009218
3149	0.00000802
3150	0.00011623
3081	0.00003807
4763	0.00003307
2732	0.00011723
4312	0.00063525
5043	0.00000701
1896	0.00007214
4602	0.00004709
3969	0.00007615
5093	0.00011723
1753	0.00037975
5140	0.00028757
1908	0.00001603
3635	0.00003908
5169	0.00000200
1563	0.00034167
3062	0.00018236
1658	0.00001303
4372	0.00008216
2509	0.00025450
5378	0.00014028
5193	0.00042584
3115	0.00104806
4325	0.00006813
3743	0.00000802
4698	0.00042383
3593	0.00082362
4678	0.00016432
1640	0.00069637
5392	0.00035470
4354	0.00004509
3980	0.00016232
4040	0.00175445
4596	0.00013727
4817	0.00007014
3390	0.00050800
5320	0.000000
4854	0.000000
2843	0.00265823
3353	0.00002505
4099	0.00062824
4457	0.00004809
3273	0.00003006
2380	0.00141478
2311	0.00106109
1602	0.00021542
1747	0.00051601
4625	0.00009419
5054	0.00024248
2409	0.000000
1899	0.00000100
1927	0.00020641
5203	0.00036672
2192	0.00000100
2180	0.00014929
3922	0.00006413
3999	0.00001303
4149	0.00004008
2495	0.00009318
3312	0.00019939
5357	0.00000501
3885	0.00008417
4652	0.00000902
5314	0.00001202
1623	0.00000902
1600	0.00151398
2397	0.00009118
3001	0.00038175
1729	0.00064627
3693	0.00001403
2160	0.00003307
5398	0.00057313
3615	0.00051902
4098	0.00017835
3221	0.00030660
2483	0.00041381
4004	0.00005210
1682	0.00016933
3171	0.00005411
2781	0.00067433
1774	0.00021342
4137	0.00023546
3061	0.00094987
3755	0.00015631
5102	0.00006713
3238	0.000000
4940	0.00000100
3439	0.00000401
4418	0.00003507
4044	0.00057613
1859	0.000000
2143	0.00002004
1609	0.00004910
2354	0.00001303
2218	0.00041281
4091	0.00002605
4663	0.00009819
3556	0.00019939
2848	0.00006012
4508	0.00002906
5277	0.00027554
5059	0.00004308
2096	0.00000802
4535	0.00012124
3223	0.00014428
3617	0.00023947
3441	0.00008216
4502	0.00008717
3136	0.00047493
2829	0.00014529
3451	0.00013326
5100	0.00001403
2725	0.00001403
5329	0.00027454
2142	0.00019538
4301	0.00000200
3830	0.00004208
4897	0.00008717
4143	0.00000100
4397	0.00034668
1766	0.00178651
3288	0.00004208
3697	0.00228249
4770	0.00004108
3365	0.00006012
1844	0.00147590
2262	0.00071240
1656	0.00001904
3250	0.00017534
3637	0.00048395
3577	0.00051501
3750	0.00014729
2432	0.00202799
1852	0.00003507
1606	0.00000401
1828	0.00032163
5039	0.00001904
4526	0.00003707
2941	0.00004409
2103	0.00028456
5251	0.00029458
4408	0.00007815
1930	0.00009419
4838	0.00011322
3736	0.00006112
3096	0.00016232
2487	0.00032664
3862	0.00031963
4796	0.00014328
1722	0.00002405
4814	0.00020140
5149	0.00010621
4847	0.000000
5025	0.00013627
4934	0.00001403
3626	0.00031462
3290	0.00030259
1740	0.00011623
3793	0.00004609
3911	0.00135366
1920	0.00001804
5250	0.00000501
4101	0.00007715
1697	0.00000902
1554	0.00022244
3073	0.00000100
5151	0.00002204
2227	0.00106810
4691	0.00008918
3636	0.000000
3133	0.00045189
4731	0.00101199
5008	0.00259510
1626	0.00008918
2491	0.000000
2996	0.00000100
5121	0.00018737
5033	0.00001202
3229	0.00004108
3570	0.00002405
3067	0.00001303
2395	0.00002405
3799	0.00006012
3102	0.00002305
2310	0.00022745
1938	0.000000
3820	0.00065930
2797	0.00006713
1822	0.00007114
2462	0.00021943
3444	0.00003106
2148	0.00005110
1742	0.00037373
3661	0.00004108
1693	0.00004910
2574	0.000000
2958	0.00000100
3226	0.00008517
4428	0.00002204
4036	0.00027354
2657	0.00002906
2714	0.00007815
2604	0.00000601
2386	0.00018637
2154	0.00048095
3848	0.00047193
2254	0.00023546
3667	0.00035370
2376	0.00002004
4951	0.00019538
4426	0.00009719
2170	0.00244781
3313	0.00041882
1684	0.000000
1876	0.00092883
4749	0.00004809
5117	0.00038776
4503	0.00010220
3389	0.00011122
1887	0.00086370
5147	0.00007715
3839	0.00071541
3752	0.00006112
2807	0.00152500
3409	0.00013426
4086	0.00016332
4992	0.00002405
2025	0.00041782
2332	0.00000601
3976	0.00027755
3818	0.00031562
2691	0.00040480
2639	0.00009819
5240	0.00000100
2588	0.00002906
3343	0.00000401
2232	0.00004008
5380	0.000000
5263	0.000000
4385	0.00032865
3139	0.00142681
2237	0.00010420
4744	0.00014629
3707	0.00015430
4324	0.00000200
1660	0.00100297
4761	0.00019438
2249	0.00088574
5138	0.00030259
5237	0.00001102
5085	0.00025450
4367	0.000000
4747	0.00012024
4714	0.00042684
4392	0.00025851
4360	0.000000
3954	0.00027454
2609	0.00026753
3110	0.00022444
2054	0.00000902
4102	0.00027755
2220	0.00010420
4757	0.00126549
4302	0.00033065
3638	0.00017033
4516	0.00038075
3446	0.00002405
4450	0.00178852
4179	0.00064226
2178	0.00008216
2250	0.00009018
5223	0.00112922
3751	0.00014529
4310	0.00004409
3546	0.00002204
3756	0.00094686
1804	0.00000701
2506	0.000000
4972	0.00051201
4501	0.00001503
2175	0.00013927
2727	0.000000
4873	0.00115828
3044	0.00000802
4492	0.000000
3195	0.00005010
1906	0.00017134
4021	0.00019338
4288	0.00000200
2712	0.000000
2299	0.00010320
4944	0.00023947
1769	0.00043185
1683	0.00008918
3732	0.00042083
4687	0.00019438
3047	0.00003507
1988	0.00005010
3819	0.00086670
4467	0.00001002
3113	0.00034568
1993	0.00004108
2256	0.00122240
2322	0.00022544
3578	0.00012224
5365	0.00018336
3962	0.00002705
1577	0.00013827
5343	0.00007715
2078	0.000000
1770	0.00029558
3538	0.00001303
4675	0.00131759
2520	0.00026252
3780	0.00006312
3532	0.00034869
2172	0.00013827
2700	0.00006813
1999	0.00000301
2948	0.00012925
3293	0.00021542
2415	0.00006713
4505	0.00014128
2743	0.00002004
1642	0.00051601
2119	0.00098995
5106	0.00016733
3056	0.00026753
4306	0.00094686
4064	0.00001603
4269	0.00015831
4435	0.00012925
3479	0.00029859
3835	0.00002305
1705	0.00035670
3642	0.00004208
5119	0.00068835
1879	0.00027554
3789	0.00017434
4080	0.00061220
3927	0.00006413
5216	0.00020841
4226	0.00000301
2428	0.00004208
2888	0.00041582
4693	0.00021142
2051	0.00011723
2934	0.00035370
4603	0.00123142
2692	0.00033165
4205	0.00003908
4035	0.00071741
1889	0.000000
2008	0.00000100
1720	0.00009118
2075	0.00002004
4295	0.00020240
3340	0.00001102
1731	0.00010020
1605	0.00001703
3728	0.00000401
2676	0.00021342
1945	0.00083364
4855	0.00062723
4727	0.00000401
3374	0.00012725
3644	0.00000601
3766	0.00001403
3101	0.00009018
3437	0.00003607
4497	0.00006312
2539	0.00009519
3230	0.00004509
5270	0.00022144
5352	0.00217528
4660	0.00016633
2466	0.00003707
1576	0.00008517
3276	0.00001804
3555	0.00000501
3926	0.00021542
4829	0.00036472
3721	0.00007114
5064	0.00010621
3910	0.00034468
3438	0.00070138
3075	0.00045890
3118	0.00000100
5340	0.00025650
4655	0.00020240
5322	0.00012124
4338	0.00005912
2629	0.00006112
4030	0.00000401
3485	0.00018436
4728	0.000000
3945	0.00009018
4743	0.00021643
3315	0.00052203
3834	0.00117932
1624	0.00112621
1552	0.00000200
2046	0.00000100
2758	0.00081059
4534	0.00003707
2545	0.00004709
4069	0.00008417
3903	0.00010521
3795	0.00002405
3287	0.00007114
4674	0.00000200
4801	0.000000
2826	0.00030059
4395	0.00039778
3027	0.00036973
4183	0.00000200
3265	0.00172138
3206	0.00015130
3650	0.00006914
1749	0.00076150
2538	0.00001002
3349	0.00031762
2265	0.00002705
4045	0.00001904
3816	0.00010420
2672	0.00018035
2674	0.00135867
4489	0.00006012
2204	0.00006312
4093	0.00013927
5116	0.00015531
4636	0.00026452
2208	0.00012725
3718	0.00006513
3686	0.000000
2863	0.00010220
3884	0.00000501
3684	0.00067633
5036	0.00034668
3629	0.00147590
4330	0.00038676
1895	0.00024849
4066	0.00003407
2540	0.00021041
3630	0.00026953
2291	0.00065328
4792	0.00011923
1823	0.00153001
3358	0.00002204
3132	0.00002305
3228	0.00005210
2019	0.00000200
3000	0.00038576
4436	0.00003006
3166	0.00014529
1663	0.00049698
3212	0.00000301
3022	0.00057012
2060	0.00000802
3381	0.00002505
1965	0.00031462
4475	0.00001002
4057	0.00013126
1857	0.00069437
2775	0.00019538
1776	0.00083965
5300	0.00072442
1767	0.00004709
1926	0.00084065
1901	0.00005411
1622	0.00123142
2139	0.00066831
5400	0.00028556
4799	0.00089877
4463	0.00063725
2542	0.00016132
4670	0.00000601
3222	0.00003006
2350	0.00000200
1574	0.00001303
1956	0.00005010
2002	0.00035069
2031	0.00020140
4182	0.00010921
3588	0.00032564
4253	0.00113824
4537	0.00006713
2783	0.00000401
3346	0.00004910
5362	0.00049998
3674	0.00073344
1845	0.00026352
3184	0.00000501
4835	0.00059417
2966	0.00014428
3259	0.00000100
5010	0.00003507
3009	0.00002104
5047	0.00009419
4722	0.00000100
2107	0.00019238
4206	0.00015731
2834	0.00000200
2813	0.00000701
3944	0.00006613
3417	0.00062924
3298	0.00006513
4895	0.000000
3397	0.00007515
3639	0.00000100
4551	0.00015531
4235	0.000000
2327	0.00000701
2871	0.00000301
4619	0.00019338
2293	0.00023646
5313	0.00109716
2296	0.00056110
3702	0.00022043
4244	0.00000200
3540	0.00047393
1726	0.00000200
2465	0.00007515
2507	0.00115427
3563	0.00080759
2004	0.00021041
5401	0.00001904
3942	0.00014829
2333	0.00001002
2738	0.00110116
3631	0.00009419
3420	0.00097692
5298	0.00000301
1858	0.00003307
2405	0.00299689
4488	0.00001703
4659	0.00002806
2621	0.00007314
4778	0.00048195
4767	0.000000
4967	0.00048796
4525	0.00042584
1711	0.00020540
2371	0.00002204
5381	0.00017434
3466	0.00062924
2179	0.00024448
2301	0.00030560
5292	0.00008316
5226	0.00000401
4594	0.00002605
1572	0.00028857
2082	0.00123543
4331	0.00116529
2453	0.00007114
3457	0.00022845
3470	0.00143382
4784	0.00000701
4941	0.00007916
1579	0.00018937
4118	0.00022344
2217	0.00107812
3882	0.00011222
3036	0.00021542
1981	0.000000
2013	0.00003006
4115	0.00038776
5358	0.00000902
2271	0.00022344
5211	0.00076751
2769	0.00022144
2614	0.00000301
4685	0.00019939
3128	0.00035069
4885	0.00002104
2633	0.00028857
2519	0.00082763
3712	0.00000501
3952	0.00009619
3119	0.00000100
1900	0.00010821
3541	0.00062323
2702	0.00004409
3325	0.00006312
3333	0.00009318
2597	0.00029157
3482	0.00051100
3982	0.00033265
4029	0.00000200
3106	0.00005511
4864	0.00007615
4948	0.00002004
1611	0.00012625
2805	0.00001904
1788	0.000000
4401	0.00076651
3609	0.00012124
2532	0.00017334
1791	0.00002906
3893	0.00004308
5255	0.00044888
5207	0.00000802
4632	0.00006413
4806	0.00006012
3262	0.00013727
2368	0.00011322
1678	0.00040279
3744	0.00012725
2984	0.00258809
3633	0.00002305
3807	0.00028055
2663	0.00081059
3681	0.00005110
3112	0.00008116
3996	0.000000
4218	0.00113122
1608	0.00001202
1632	0.00016132
5256	0.00001703
5072	0.00064627
2650	0.00064126
3357	0.00009318
3244	0.00000100
4208	0.00032764
3727	0.00077252
3890	0.00022444
4187	0.00084165
5278	0.00026652
3270	0.00025149
1759	0.00063124
4292	0.00149394
2713	0.00059116
1547	0.00020340
4539	0.00003707
2435	0.00015430
2740	0.00000601
3274	0.00012324
4758	0.00015631
1649	0.00005511
3161	0.00059016
3152	0.00003707
3455	0.00030159
5351	0.00003006
1719	0.00067833
3723	0.000000
1668	0.00013527
1790	0.00006012
3526	0.00070639
3400	0.00005110
2855	0.00056411
2084	0.00024248
2014	0.00004809
3329	0.00017935
4954	0.00010821
2921	0.00090678
5030	0.00006713
5210	0.00004008
3871	0.00020340
4308	0.00116028
4448	0.00000701
4414	0.00125647
2203	0.00008116
4969	0.00003507
2568	0.00004108
2361	0.00002806
4015	0.00027354
5002	0.00047794
3757	0.00029558
5177	0.00018737
3498	0.000000
3783	0.00005811
4092	0.00066531
4163	0.00002004
3017	0.000000
3933	0.00000301
3931	0.00041782
4368	0.000000
1973	0.00000200
3527	0.00003206
4880	0.00001904
5176	0.00022645
5285	0.00010521
4959	0.00031261
4705	0.00001303
5264	0.00001603
4138	0.00020140
4802	0.00007114
4200	0.00000401
5020	0.00004409
4590	0.00015130
3977	0.00036973
5350	0.00016432
3363	0.00009118
1762	0.00000401
4103	0.00003006
1560	0.00001002
2236	0.00001403
3336	0.00016032
3412	0.00000100
3373	0.00014428
4568	0.00035370
3004	0.00000200
4429	0.00005611
4975	0.00017234
5276	0.00000200
1923	0.00005210
3569	0.00057413
2377	0.00000100
4746	0.00005611
4789	0.00035570
4577	0.00047894
2753	0.00004208
1590	0.00002004
3870	0.00002004
5200	0.00008417
2065	0.00000100
3159	0.00028757
3095	0.00016132
4321	0.00045189
3425	0.00000601
3146	0.00000902
4699	0.00117832
2632	0.000000
2294	0.00012825
3008	0.00023947
4635	0.00008617
3581	0.00005310
4557	0.00000401
4133	0.00108914
2457	0.00038676
2841	0.00053706
4627	0.00002405
4276	0.000000
2442	0.00001703
3491	0.00082663
4582	0.00000100
2496	0.00016833
2229	0.00004208
3692	0.00006914
2196	0.00004308
3823	0.00028256
2401	0.00041682
2527	0.00078755
2307	0.00012224
1615	0.00000902
2770	0.00006212
4381	0.00000301
2456	0.00021342
5364	0.00008116
3422	0.00001102
4827	0.00023246
1713	0.00002004
4192	0.00001804
3730	0.00014428
2328	0.00027454
2389	0.00013026
3960	0.00014328
4466	0.00006613
3875	0.00024749
4754	0.00013326
5051	0.00007314
3940	0.00002405
5286	0.00000301
4562	0.00006012
4366	0.00045089
1736	0.000000
3035	0.00002505
4933	0.00003206
5096	0.00001904
4709	0.00166026
2623	0.00006112
5342	0.00016432
5242	0.000000
2033	0.00001102
4549	0.00000701
1760	0.00036171
3985	0.00000200
4390	0.00025149
2340	0.00056511
2000	0.00003807
4469	0.00000200
2559	0.00027153
3566	0.00007615
1688	0.00001303
2012	0.00169533
3263	0.00004709
3632	0.00013927
3720	0.00000200
1746	0.000000
5212	0.00009519
4416	0.00015130
2276	0.00026652
4130	0.00001202
1553	0.00011623
5199	0.00045089
4947	0.00044387
5269	0.00018536
3428	0.00014128
1820	0.00003106
5301	0.00013326
3016	0.00046091
4024	0.00180254
1716	0.00002806
2248	0.000000
2072	0.00068334
3772	0.00013026
2007	0.00014328
3015	0.00000701
1826	0.00006513
4378	0.00045389
2910	0.00001303
1562	0.00000501
4389	0.00045289
4821	0.00037073
4113	0.00015731
3724	0.00003206
1558	0.00002906
3407	0.00005110
4025	0.00013627
5359	0.00004108
5135	0.00108413
4437	0.00020641
1647	0.00013226
3316	0.00025951
4649	0.00014428
3507	0.00013326
3483	0.00001102
5071	0.00001403
2212	0.00032764
2872	0.00035470
3788	0.00002305
3892	0.00000301
2879	0.00003607
4393	0.00000200
4842	0.00000200
4478	0.00000902
2128	0.000000
5104	0.00040379
3571	0.00014529
2230	0.00000100
2864	0.00001102
4341	0.00035470
5353	0.00003407
1924	0.00154203
2112	0.00091480
2561	0.00027153
3452	0.00012925
2901	0.00016332
4430	0.000000
3676	0.00067433
4618	0.00091580
2806	0.00013927
1949	0.00001603
3456	0.000000
4213	0.00071140
2889	0.00097993
1950	0.00024548
1968	0.00011422
1817	0.00000401
1618	0.00019839
3277	0.00008216
4917	0.00030660
4370	0.00006914
3283	0.00001202
5375	0.00125747
2693	0.00063725
2420	0.00014128
3078	0.00090979
4981	0.00069837
3427	0.00014829
4669	0.00049197
5244	0.00014629
2190	0.00011923
3267	0.00073545
5236	0.00001303
5294	0.00008918
3683	0.00001503
3178	0.00230854
2482	0.00000701
2525	0.00011122
4563	0.00005711
2445	0.00000100
3618	0.00019438
4775	0.00009719
4504	0.00016132
4247	0.00018136
4431	0.00030460
2030	0.00016733
2458	0.00002806
3580	0.00000501
4609	0.00001703
3717	0.00031662
4110	0.00006312
5215	0.00011623
3990	0.00008717
3393	0.00111419
2471	0.00012825
3282	0.00105107
3465	0.00012424
4085	0.00013426
1985	0.00002104
2489	0.00016332
2141	0.00024849
3447	0.00045389
2784	0.00003607
2083	0.00080458
2998	0.00002705
4907	0.00001804
4843	0.00112221
3076	0.00006413
4290	0.00009619
1940	0.00012625
3051	0.00036772
5267	0.00023847
3604	0.00005310
2600	0.00001703
4667	0.00010420
2427	0.00224541
4869	0.00103503
4131	0.00002405
3869	0.00018937
2699	0.00025250
1885	0.00090077
4798	0.00001904
2837	0.00052403
2885	0.000000
1739	0.00111219
4487	0.00007214
5376	0.00026151
1588	0.00004008
3205	0.00020641
1646	0.00016132
3939	0.00073444
4818	0.00008316
4889	0.00004809
5363	0.00059918
3025	0.00030460
1971	0.00094987
1915	0.00003206
3372	0.00014829
3542	0.00064427
1936	0.00225443
5279	0.00052503
4876	0.00019438
2500	0.00000100
2815	0.00005511
2199	0.00066831
3815	0.00013126
4274	0.00026953
2954	0.00058515
2766	0.00002004
3864	0.00042083
5194	0.00006112
4147	0.00062623
3480	0.00081861
4413	0.00036572
4945	0.000000
4870	0.00004308
4776	0.00005711
5249	0.00002906
4961	0.00017935
2949	0.00001804
4634	0.00064126
3840	0.00001603
4009	0.00004208
4872	0.000000
1650	0.00000200
3454	0.00145085
3085	0.00010721
4152	0.00081861
2197	0.00001703
4825	0.00014929
3529	0.00005511
1567	0.00003307
2510	0.00009118
3087	0.00016633
5239	0.00001202
4483	0.00066831
3474	0.00020340
2431	0.00006813
3477	0.00009018
3356	0.00004709
3050	0.00000301
5328	0.00165525
2851	0.00001303
3822	0.00034368
1843	0.00001804
4124	0.00008517
3533	0.00045690
5386	0.00067733
4228	0.000000
3854	0.00265422
1748	0.00000200
4067	0.00002705
2726	0.00025149
4565	0.00054507
2359	0.00020340
1903	0.00001603
2955	0.00039578
2045	0.00007715
1636	0.00061621
4904	0.00004409
2129	0.00101299
2407	0.00074246
2904	0.00003507
1779	0.00000200
3007	0.00000501
4427	0.00002405
4553	0.00005511
3301	0.00029558
3898	0.00000100
2185	0.00068134
4772	0.000000
3448	0.00018035
4694	0.00012925
2239	0.00073945
4120	0.00013326
4826	0.00010521
1709	0.00061321
3170	0.00004910
4258	0.00145386
4491	0.00008216
3914	0.00052603
5118	0.00004208
4420	0.00061721
4454	0.00005711
4868	0.00000100
3174	0.00007415
4765	0.00014729
3647	0.00010921
5035	0.00001804
5349	0.00010521
5090	0.00044688
1953	0.00007916
5344	0.00097191
5130	0.00003106
4840	0.00046491
2423	0.00001403
3972	0.00009118
4641	0.00013126
1851	0.00021041
2037	0.00051201
1946	0.00031963
2583	0.00036071
4493	0.00018236
4186	0.00050700
1825	0.00006813
2198	0.00010320
5052	0.00000701
3746	0.00029558
2858	0.00024448
3856	0.00004108
3194	0.00038676
4581	0.00116529
2167	0.00000802
2330	0.00026652
3522	0.00022043
3142	0.00008517
2414	0.00001102
4410	0.00073444
4075	0.00047293
2316	0.00137370
4820	0.00052904
4188	0.00017134
3109	0.00009318
2379	0.00037574
2616	0.00003006
4129	0.00014629
5009	0.00006112
2531	0.00003106
2518	0.00001303
3734	0.000000
2884	0.00000401
1604	0.00007715
5164	0.00002004
4096	0.00113022
3445	0.00032163
4690	0.00000100
4762	0.00006613
2927	0.00006914
1657	0.00006513
5266	0.00000100
3398	0.00002505
3586	0.00005411
2429	0.00002906
2452	0.00011322
3754	0.000000
2461	0.00044788
2338	0.00002605
3658	0.00003307
3190	0.00003307
4993	0.00021542
5209	0.00118733
4874	0.00003807
1783	0.00054207
4116	0.00023446
2158	0.00003106
5050	0.00000701
2408	0.00002405
1907	0.00003407
4957	0.00017334
3364	0.00005511
5390	0.00001102
1986	0.00002505
2754	0.00229251
5338	0.00027955
1571	0.00005110
2480	0.00062723
4819	0.00000301
3725	0.00000501
5189	0.00010921
2492	0.00017635
1834	0.00036472
3797	0.00002405
2989	0.00034668
4210	0.00004910
2367	0.00004208
4597	0.00016933
2252	0.00002305
5108	0.00018236
2683	0.00002204
4047	0.00002104
4733	0.00026051
2362	0.00014629
4688	0.00018837
3207	0.000000
3218	0.00006212
3198	0.00027153
4472	0.00000701
1785	0.00232257
5099	0.00088374
5261	0.00007715
1810	0.00129955
3328	0.00001603
5235	0.00020039
3879	0.00065829
2425	0.00054207
4908	0.00066731
2936	0.00043886
4839	0.00042985
2809	0.00026252
5095	0.00010320
1638	0.00032564
3565	0.00000701
3579	0.00007415
2534	0.00002705
4347	0.00020741
5295	0.00003507
1837	0.00019639
1718	0.00019338
3189	0.00000100
2584	0.00000601
3117	0.00000200
2828	0.00172840
2991	0.00024548
4214	0.00020039
3694	0.00060719
2093	0.00004008
4580	0.00000701
5315	0.00004208
2865	0.000000
3800	0.00052804
4458	0.000000
4910	0.00013226
2787	0.00019939
1997	0.00027254
2469	0.00038977
4037	0.00016432
1599	0.00026652
5356	0.00011222
3082	0.00017935
1583	0.000000
2101	0.00003407
3231	0.00017134
3134	0.00018937
5023	0.000000
4905	0.00000100
3811	0.00004308
4841	0.00139174
3987	0.00002705
4339	0.00000301
2369	0.00001503
2985	0.00000501
1616	0.00012224
4185	0.00003807
3652	0.00044287
3162	0.00000100
3669	0.00016232
3418	0.00005310
2399	0.00004509
2601	0.00052002
4011	0.00009719
1955	0.00030560
4146	0.00002605
3760	0.00000100
2272	0.00082663
3140	0.00000100
4286	0.00021342
3943	0.00023045
4879	0.00100898
2290	0.00014128
5395	0.00002405
3326	0.00081260
3423	0.00003106
2695	0.00003006
1787	0.00000200
3909	0.00036572
3215	0.00060920
2504	0.00010220
5275	0.00082562
5131	0.00003206
3828	0.00000200
2812	0.00008817
4764	0.00019538
4777	0.00030861
3154	0.00036973
3634	0.00016432
2099	0.00002004
5041	0.00041882
3986	0.00012024
2517	0.00001002
3011	0.00002906
5283	0.00045189
4178	0.00025450
2679	0.00005811
5073	0.00014028
5049	0.00009018
4422	0.00005411
1835	0.00004008
4555	0.00251895
2719	0.00016132
3197	0.00003507
3408	0.00037874
4682	0.00022945
3042	0.00019739
4494	0.00021542
2748	0.00021943
3172	0.00003908
4374	0.00000200
3394	0.00099596
3236	0.00075248
3342	0.00004308
4607	0.00043586
2234	0.00134765
3924	0.00001303
2800	0.00061321
4665	0.00036672
1565	0.00041682
5306	0.00133162
4546	0.00055108
1984	0.00054908
5219	0.00001102
4071	0.00003307
2890	0.00040680
3252	0.00001703
3258	0.00000200
1596	0.00022144
2835	0.00043886
3494	0.00029859
1654	0.00016132
4459	0.00008717
3176	0.00141979
4005	0.00022745
3433	0.00002104
2235	0.00007415
1773	0.00000200
3116	0.00001002
3582	0.00000200
2859	0.00138472
3965	0.00030360
4398	0.00041081
4653	0.00030159
5246	0.00032865
2050	0.00067533
2913	0.00000401
5062	0.00059116
2105	0.00000501
4554	0.00000100
5232	0.000000
1582	0.00020440
4174	0.00016332
2651	0.00021242
5391	0.00042884
4198	0.00035069
4785	0.00016032
2962	0.00002104
1727	0.00011122
3947	0.00135567
4974	0.00035871
2953	0.00056912
1732	0.00006212
3741	0.00106209
3963	0.00002305
3492	0.00001202
3168	0.00079356
4601	0.00030460
4527	0.00085167
3552	0.00003206
1881	0.00029358
3543	0.00005912
4221	0.00001403
3021	0.000000
4976	0.00016032
2024	0.00033967
4320	0.00061621
2944	0.00131559
4013	0.00009719
2447	0.00003106
3033	0.00007014
5167	0.00003307
2064	0.00000501
1833	0.00010220
3627	0.00000100
2134	0.00000100
2737	0.00031562
3467	0.00006112
4572	0.00028857
3682	0.00019538
4629	0.00004308
3918	0.00021142
1982	0.00027654
